700
700
0
20
1772
1
3
0
1
290
60
1
430
60
1
570
60
1
710
60
1
850
60
1
990
60
1
1130
60
1
1270
60
1
1410
60
1
1550
60
1
290
160
1
430
160
1
570
160
1
710
160
1
850
160
1
990
160
1
1130
160
1
1270
160
1
1410
160
1
1550
160
1
290
260
1
430
260
1
570
260
1
710
260
1
850
260
1
990
260
1
1130
260
1
1270
260
1
1410
260
1
1550
260
1
290
360
1
430
360
1
570
360
1
710
360
1
850
360
1
990
360
1
1130
360
1
1270
360
1
1410
360
1
1550
360
1
290
460
1
430
460
1
570
460
1
710
460
1
850
460
1
990
460
1
1130
460
1
1270
460
1
1410
460
1
1550
460
1
